6.438935593298594773e-01
9.321408927185257376e-01
9.243389769676557677e-02
5.608409932408268128e-01
3.672709593204921408e-01
4.496432543967203710e-01
5.387976161422686205e-01
6.176295485924061524e-01
1.643604924837236414e-01
1.328608296162816504e-01
7.495125700005366154e-01
1.776302970942229553e-01
4.965772877373475502e-02
8.772091571482790728e-01
5.475913995577289528e-01
2.036788285362989281e-01
1.400455314185684585e-01
1.742499411446662982e-02
9.481514584712907867e-01
4.428134875995379804e-01
7.583036914989992328e-01
4.198396189595383632e-01
7.106893475171645047e-01
3.655701022169506320e-01
5.075206599069215230e-02
3.043247098374579629e-01
5.384461776028864888e-01
7.403274533959550707e-01
8.475388940873624932e-01
5.988865450265437040e-01
7.012779365961699929e-01
7.527944924558999107e-01
1.314357098149476766e-01
8.218161666320124015e-01
3.959379070115840449e-01
7.357817494081597687e-02
1.352047767886030982e-01
9.017886605311052906e-01
1.367923172189855485e-01
6.152724093623404000e-01
6.212417485428427533e-01
3.690040592921386420e-01
1.087327368632489133e-01
4.594689762424541968e-01
1.418804045869110908e-01
1.412423356636265392e-01
3.410116404116854127e-01
2.855147571713920751e-01
3.096844865237244893e-01
7.583916853715622075e-01
8.066499626490589714e-01
2.282115792728323100e-01
2.444542166156571383e-02
3.452512852460905002e-01
2.464221231821650537e-01
8.324507457397011256e-01
9.413388105343031276e-01
4.641645255410391524e-01
8.582425417541199586e-01
9.905536754359092200e-01
2.279778538839856150e-01
7.211067431749388357e-01
7.684207051369702501e-01
3.712918974913741454e-01
6.107190114242979639e-01
8.949551867217317991e-01
1.855368195943507548e-01
5.729072728218675969e-02
5.613388980589714139e-01
7.755496833581664307e-01
6.787399018857602773e-01
4.947536993534900063e-01
6.963359968830399316e-01
1.711952506920884076e-01
1.761028679989395940e-03
9.656757030782496809e-01
4.154227888323187567e-01
1.466621119257571770e-02
6.645634888164134724e-01
8.375231823965740841e-01
2.428447021415802709e-01
5.391358500927384556e-01
4.192222171129131869e-01
7.520940155978004249e-01
2.079461497374215373e-01
1.651621857762262113e-01
1.420876971862963245e-01
5.074611586289210496e-01
7.692402442021115672e-01
3.340999117577347910e-02
2.061731541356199848e-01
8.496036705076711604e-01
5.106934563406035910e-01
7.181235670690561124e-01
6.377999360020191189e-01
2.824889901326770314e-01
9.028875743235892370e-01
4.223771609992295062e-01
2.265773566853823695e-01
2.294704055566731959e-02
1.350577684817748647e-01
